- id: 0
  pos: [0.0, 0.128, 0.18]
  rot: [0.5, 0.5, -0.5, -0.5]
- id: 1
  pos: [0.03, 0.0, 0.18]
  rot: [0.70710678, 0.70710678, 0, 0]
- id: 4
  pos: [0.06, 0.08, 0.102]
  rot: [0.5, 0.5, 0.5, 0.5]
- id: 6
  pos: [0.029, 0.16, 0.11]
  rot: [0.70710678, -0.70710678, 0, 0]