- id: 5
  pos: [0.0, 0.042, 0.016]
  rot: [1, 0, 0, 0]
- id: 7
  pos: [0, 0.042, -0.014]
  rot: [0.0, 0.70710678, 0.70710678, 0.0]