- grasp_config: [0.014345839328698595]
  grasp_pose: [0.1308313742824729, -0.0019572221213674974, -0.006405204091372241,
    0.715285537717655, 0.0801270407771262, -0.6935918873634609, 0.02960659811356513]
