- grasp_config: [0.0012000000569969416]
  grasp_pose: [-0.039397997826486564, -0.004451470388976586, 0.2876503346298283, 0.011037359592280471,
    -0.0645098739541767, 0.4369068025939949, -0.8971226776214829]
- grasp_config: [0.0012000000569969416]
  grasp_pose: [-0.015613991057549015, -0.10258542906381185, 0.26338362017789774, -0.2665330828100975,
    0.2817660166825899, -0.8621498379736982, -0.3259841782855407]
- grasp_config: [0.0010999999940395355]
  grasp_pose: [-0.021132403890042673, -0.10139152357702669, 0.27199108911109093, -0.36462296479426193,
    0.1121279946726611, -0.6005199645784249, -0.7027468808170247]
- grasp_config: [0.0012000000569969416]
  grasp_pose: [-0.016837201226831744, -0.10793104766273748, 0.2605331643508516, -0.37716480855980833,
    -0.17126721311996798, 0.05948080605743659, -0.908226999491273]
