- grasp_config: [0.010905343011108515]
  grasp_pose: [-0.13331157268515614, -0.0017607174668130554, 0.09108568596834765,
    -0.2810111066366341, 0.673294035540077, -0.6158178923960657, 0.29744953027005994]
