- grasp_config: [0.015522018161398976]
  grasp_pose: [-0.12274830167659836, 0.02869510650634688, -0.01849286057355204, 0.753234625928351,
    0.12374164515693331, 0.6435082631498911, -0.05676899518437346]
- grasp_config: [0.01457224]
  grasp_pose: [0.01121768, -0.15319604,  0.00568031, -0.48378266,  0.44444425,  0.57541886, 0.48715171]
- grasp_config: [0.015752031800207678]
  grasp_pose: [-0.12151567673672617, -0.08280988597434269, 0.0008590568561533951,
    -0.2504152018163789, 0.7088094512831831, 0.09857207776064314, 0.6520467268201295]
- grasp_config: [0.01457224]
  grasp_pose: [0.01121768, -0.155,  0.00568031, -0.48378266,  0.44444425,  0.57541886, 0.48715171]