- grasp_config: [0.015522018161398976]
  grasp_pose: [-0.12274830167659836, 0.02869510650634688, -0.01849286057355204, 0.753234625928351,
    0.12374164515693331, 0.6435082631498911, -0.05676899518437346]
