- grasp_config: [0.015752031800207678]
  grasp_pose: [-0.12151567673672617, -0.08280988597434269, 0.0008590568561533951,
    -0.2504152018163789, 0.7088094512831831, 0.09857207776064314, 0.6520467268201295]
