- grasp_config: [0.017604870261419214]
  grasp_pose: [0.07259063443799155, 0.1531399220099876, 0.01973015862126548, -0.4655597185465254,
    -0.5018353938507176, -0.5083300402979806, 0.5225092880286708]
- grasp_config: [0.01803967298937814]
  grasp_pose: [0.016171459049683562, 0.16043274854776995, 0.014854782405148037, 0.5446886245303934,
    0.4940292185028264, 0.4933850732692991, -0.4645649610632759]