- grasp_config: [0.01803967298937814]
  grasp_pose: [0.016171459049683562, 0.16043274854776995, 0.014854782405148037, 0.5446886245303934,
    0.4940292185028264, 0.4933850732692991, -0.4645649610632759]
