- grasp_config: [0.017604870261419214]
  grasp_pose: [0.07259063443799155, 0.1531399220099876, 0.01973015862126548, -0.4655597185465254,
    -0.5018353938507176, -0.5083300402979806, 0.5225092880286708]
