- grasp_config: [0.0030740440606609187]
  grasp_pose: [-0.06084203947122291, -0.05830380696794363, -0.10536666309172327, -0.0014528820065214099,
    0.2566092906292781, -0.02007510762363722, 0.9663056199518417]
