- grasp_config: [0.01848491973779487]
  grasp_pose: [-0.16540869327254926, 0.025033469235957104, -0.0056285784996013, 0.7200474764313443,
    0.12403001268632219, 0.6775336039347482, -0.08424015181061437]
