- grasp_config: [0.002179003705575222]
  grasp_pose: [-0.03902925022323023, 0.13140861940577492, -0.02434685608277426, -0.1597660685088061,
    -0.10094637156284061, -0.6394034654021951, 0.7452837324490589]
