- grasp_config: [0.0030301164466260966]
  grasp_pose: [-0.008410481033507389, -0.13784118172856247, 0.052645893901067886,
    0.4888115304253025, -0.49249049735747646, 0.542232638678562, 0.4738144819310012]
