- grasp_pose:  [ 0.04447993, -0.27824591,  0.10515643,  0.24041513, -0.04075783,  0.96849598, 0.05054602]
  grasp_config:  [0.00349026,]
