- grasp_pose: [-0.17763906, -0.00195599,  0.015208, 0.48656468,  0.50384748,  0.53856192,  0.46834132]
  grasp_config: [0.0184,]