- grasp_pose: [-0.16877364, -0.00930885,  0.00032054, 0.70197418,  0.08854614,  0.70307962, -0.07121011]
  grasp_config: [0.01830301,]
- grasp_pose: [-0.10, -0.03,  0.0, 0.70197418,  0.08854614,  0.70307962, -0.07121011]
  grasp_config: [0.01230301,]
