- grasp_config: [0.0006000000284984708]
  grasp_pose: [0.006382667334208281, -0.02842122203662073, 0.29573673869578143, -0.4706630163353695,
    0.5247382205679703, 0.44223147685698055, -0.5545786200406089]
- grasp_config: [0.0]
  grasp_pose: [0.004183669273860713, 0.002589092213811428, 0.2048218823759232, 0.06067549920064316,
    0.6482751543287866, -0.03566672100971935, -0.7581462214435646]
- grasp_config: [0.0006000000284984708]
  grasp_pose: [0.05592193201303214, -0.13896195897514058, 0.20323912066411237, -0.02911541575420616,
    0.6408624682605732, -0.13088644127591997, -0.7558547008721657]
- grasp_config: [0.0005000000237487257]
  grasp_pose: [0.006639974254257441, 0.008173339369015764, 0.29588138725177987, -0.37757002432923525,
    0.5739375318216645, 0.3766849849320778, -0.6214056713783649]
