- grasp_config: [0.008700000122189522]
  grasp_pose: [0.01673888967653414, -0.013298000611484728, 0.15841167259342176, 0.6533312040028274,
    -0.09035304180923129, 0.03675998730541624, 0.7507618590773911]
- grasp_config: [0.00800000037997961]
  grasp_pose: [-0.02275624005277499, 0.07860654150667323, 0.15381069338339104, 0.383013514474672,
    0.5488086084364003, -0.7362151538939199, 0.10048386045934937]
- grasp_config: [0.00860000029206276]
  grasp_pose: [-0.005378115781775883, 0.009754476483904317, 0.2552382790080894, 0.10129555738551654,
    0.9901726602220668, -0.08695416537085066, -0.04166876680887194]
