- id: 8
  pos: [0.037, 0.082, 0.043]
  rot: [0.70710678, 0.0 , 0.70710678, 0.0]
- id: 9
  pos: [0.0, 0.089, 0.045]
  rot: [0.70710678,  0.0, -0.70710678,  0.0]
- id: 10
  pos: [0.02, 0.092, 0.0]
  rot: [0., 0., 1., 0.]
- id: 11
  pos: [0.021, 0.088, 0.09]
  rot: [1.0, 0.0, 0.0, 0.0]